4045106654314910830
2600982830978573651
57379296083057342
1416812369744100426
6134028373816021798
103056573182698823
7728582117795448245
2515091532999252669
8314703486361725365
2583617325621711515
3694358557581857310
703883518813409474
3259306261203488312
703673057584838572
1846271440411450296
7141861730847496675
3242301027271331888
8304648716059806522
8797134569228810078
5654756311354706219
8495667025612263548
1147512278424009360
578658610297818541
1677452244743499992
5236542742383829555
3118488276043848112
4012458857449216565
5108377175002545540
4326538079116752822
381760491063025295
2119549971264944358
7608474271989176382
7723180741177095727
1918985231583293079
4329359499548231026
4550228424884942300
1174625633816358675
4400468732985014948
7869598552199019639
3333794460648654271
4981297534908095610
8221603610533467279
5369852746849599162
391636968830677023
9202461838331048299
5425504045136007389
6297815092083540246
8785518088723712054
7127952482339457711
1852378534568421434
4460102153355595333
5424365047581054848
5250187625801991137
746396956367520267
3099224611832476449
3564984364223175097
2697981437303329206
9203935925245483019
723842008606196806
4312733717552401543
5759014770477153112
4896203999251277011
6567660064617846963
2314052583115292026
3798832644604196236
4821223062109997876
7087427841938400802
8785240281384184965
8386524476470758000
6763992413466021745
175923648030478408
3158376343320121542
8252555315754877242
2878497391015255339
2314555026431986113
2548592208113017466
7229671329812213749
5730792600129771859
6036871221899233398
3081703276867374091
3622843561058036677
3032076269916394243
7640398165296605301
5900166532887386844
5692444719414283835
6231318280511686310
4299809597873155078
2725412041838832158
7316968407799001070
2479416645738745683
7937514419967512996
7762652966549025039
8178712318606801184
1432924317997161169
3527428062041800049
3110745765927191920
3185571818297123046
3586055554127327841
5840304515261822740
4661546690192962400
301602569727412699
432138984938013388
3877628295840255315
3928795054266326340
4426703173510694681
7548930588598340627
3761600756343595544
9211661201674886666
3518710068643123900
351474622205470055
6604176002708689022
5301566038635903997
5226258818951327903
4212772578663189859
6834605964984016363
8950428429119764005
26249049019053153
3797855572010989968
4318707257811082305
7069675131470308298
3539983322223923641
7165275842241498376
6941994243770561823
7867636562473522477
3498460122759623501
301088311193269917
5815083814292070580
5887866146087836314
7875847192756316715
6554530870929796681
3160593818421000405
1140816351795973823
8206101321994828419
8555897697651351297
12667249304509716
3466225161779565524
2262005116669416150
6469340591082824028
4002165892136493432
3510138717813829963
8675346769768786625
97223481272430376
8731235483468073683
4918139660654950310
1581941496056327965
6134968395571472697
7973490192800906285
335837636658910270
8505989415820431595
1329205731335093365
7831338793730013907
3808626656258531202
6959901740240956387
7117393808850033957
2086248714342016548
8738482232616471297
802399006412020727
3437385301873398177
5465642308257996997
4588547877244301728
2322749326998044495
978040374431205693
6296026690816620727
7225345418588594000
8090560864542205719
4275253204525865248
6527325532460782532
5065594349719929053
5926835136479076522
1120858863859608025
8957835079987681476
3822576766710665385
8576791903171727754
1416647472627758569
3126781588947104579
2763134946167783908
6446831255752292982
3314772898208521433
8390752636345379550
3551563749407323549
929498058795367401
3030102343797594733
3115752087670498054
6414119184471775546
9135668264828992559
8645404194047481642
2275072650053971453
4077966728902406918
7846197014580239701
2399764691331977358
3898825920763615562
2205395009921089391
3258328596067011449
8039036919930823304
4630394252086360489
2113459356356889524
4794775719985779291
6886836248575372896
2157886263378125657
4276111295514251222
8973021601591951792
2276138430880185365
5454433770683620631
5255088265274739438
6686217810674857790
3307625541849732614
814141848982712717
2135381891609285771
6052729939850089099
8299563341668061437
6769775085760485618
1281874265137967664
7891671282786300402
7133234867035352687
1166095588851533269
2004856130643738231
5752394125338937690
7625541679575775806
8770227912727678324
476950752801586201
2664853466233775327
6320339779194938514
1132954474032965945
8119310327620249622
2800748539133157065
5820595349063516457
5212044173538027842
1940377458423219041
5472480386080969953
6643016805399144593
4289685372346196606
1335514620509799092
5622686539268312486
6306012774810499241
3454448491879672256
4936997978535394989
3082466905260938300
7215440350081707128
3243949591945723843
9138524997214512005
324500861118001466
8193952809047239438
4660157164103203313
3275983925206850866
1991255525514636268
5093933364184985344
4932594580928848147
1069059709766463548
6407608782978233713
8888505415261448585
8778642689389907379
3650183250703526705
569251510942865792
4882340307767196265
4692294836213049498
7494368601807395652
6211576552734998029
7185399856375377685
5087477775603378405
4634677928172795989
4647649676138742345
6209685156094395371
1315186224765472661
8053169612802758852
5394942511334472559
84526691433338771
2244708222375269012
121927606694650608
9208335628880389175
8667620136091361224
4320311505244691247
5956870429650618682
1311990834192627150
6795985436299202805
7826556414340421409
