10000005 0
10000005 1
10000005 2
10000005 3
10000005 4
10000005 5
10000005 6
10000005 7
10000005 8
10000005 9
10000005 10
10000005 11
10000005 12
10000005 13
10000005 14
10000005 15
10000005 16
10000005 17
10000005 18
10000005 19
10000005 20
10000005 21
10000005 22
10000005 23
10000005 24
10000005 25
10000005 26
10000005 27
10000005 28
10000005 29
10000005 30
10000005 31
10000005 32
10000005 33
10000005 34
10000005 35
10000005 36
10000005 37
10000005 38
10000005 39
10000005 40
10000005 41
10000005 42
10000005 43
10000005 44
10000005 45
10000005 46
10000005 47
10000005 48
10000005 49
10000005 50
10000005 51
10000005 52
10000005 53
10000005 54
10000005 55
10000005 56
10000005 57
10000005 58
10000005 59
10000005 60
10000005 61
10000005 62
10000005 63
10000005 64
10000005 65
10000005 66
10000005 67
10000005 68
10000005 69
10000005 70
10000005 71
10000005 72
10000005 73
10000005 74
10000005 75
10000005 76
10000005 77
10000005 78
10000005 79
10000005 80
10000005 81
10000005 82
10000005 83
10000005 84
10000005 85
10000005 86
10000005 87
10000005 88
10000005 89
10000005 90
10000005 91
10000005 92
10000005 93
10000005 94
10000005 95
10000005 96
10000005 97
10000005 98
10000005 99
10000005 100
