59 63
14 25
38 42
27 40
17 33
30 34
13 18
41 70
41 54
15 19
19 45
6 10
35 50
33 36
4 67
19 46
30 30
1 5
19 22
22 31
45 49
27 37
13 13
7 12
1 4
57 60
23 27
18 29
71 80
19 19
1 5
20 29
38 42
44 48
26 43
38 47
15 22
39 44
22 27
12 68
1 4
14 17
1 37
12 16
35 61
39 44
36 49
18 28
14 58
6 16
19 56
73 90
40 45
65 69
1 4
1 49
33 37
76 84
41 53
13 17
35 45
7 11
33 59
27 31
41 51
6 10
62 66
36 57
18 23
46 50
13 22
16 20
18 23
16 21
21 25
7 16
28 32
16 19
42 55
1 5
16 20
14 14
1 4
6 10
18 22
22 27
17 37
1 5
17 21
66 69
36 49
35 38
33 38
1 64
22 26
1 37
30 34
15 20
1 6
28 32
9 38
43 47
7 22
56 61
46 50
52 64
10 15
11 36
19 19
40 45
12 23
15 20
37 37
36 64
1 9
19 44
1 4
61 65
1 54
1 91
12 15
12 16
13 23
59 63
12 16
58 62
25 29
7 11
1 4
25 29
6 11
33 37
29 39
6 10
18 52
41 45
66 72
26 37
18 42
24 28
27 48
2 21
41 44
18 22
17 21
32 36
2 6
44 52
44 48
6 10
12 22
20 25
1 4
11 16
1 4
1 38
1 1
29 33
23 26
23 36
1 6
1 4
16 20
13 18
24 28
12 16
40 44
28 46
37 40
36 40
3 34
22 26
10 14
25 25
6 10
17 21
1 4
18 23
1 4
43 47
18 21
17 27
35 45
14 17
6 33
64 73
1 4
46 46
1 45
13 26
45 50
39 59
1 5
8 45
24 34
29 32
7 12
12 16
17 21
26 46
1 6
14 18
18 21
5 51
49 53
4 28
6 10
24 28
52 52
1 42
1 4
57 61
42 47
55 68
24 28
23 26
1 6
7 10
14 26
46 51
47 55
10 25
9 9
10 15
31 35
12 16
55 59
19 23
6 10
13 17
42 63
17 21
1 5
17 28
55 59
11 15
37 40
13 17
1 5
53 53
19 23
23 27
11 15
1 33
18 22
6 10
46 51
28 32
44 67
1 5
2 65
46 50
23 62
2 22
10 14
17 21
24 29
23 61
7 12
7 12
50 50
38 42
2 2
7 11
34 38
13 17
7 11
14 26
25 35
7 11
32 37
30 88
6 11
2 2
13 18
21 25
25 47
12 16
21 26
11 15
30 55
11 15
23 28
23 27
29 33
40 44
11 15
1 20
13 29
1 6
55 76
10 16
12 15
14 14
35 39
16 20
16 27
38 42
37 41
34 38
24 73
121 125
57 62
23 27
53 57
24 28
39 44
18 33
6 10
8 52
34 42
43 48
85 85
11 16
29 52
74 84
30 34
13 17
24 27
23 28
22 25
45 50
11 15
74 123
33 57
15 19
25 59
34 47
20 55
18 40
7 11
44 48
23 28
28 32
29 33
1 5
5 10
8 51
18 40
7 11
37 41
33 47
29 38
25 29
48 52
17 20
13 13
48 71
24 28
37 42
11 16
34 49
2 17
14 30
1 6
12 16
38 46
7 12
7 16
1 22
31 44
1 11
29 33
13 13
7 12
1 7
17 22
30 45
32 32
1 4
1 22
2 34
46 46
17 22
48 75
19 22
36 36
26 35
60 60
12 15
43 63
25 25
39 48
37 52
22 26
18 22
45 49
23 28
18 62
61 65
2 32
1 4
30 30
49 53
46 51
17 22
40 44
14 18
2 49
1 44
20 53
21 25
35 39
7 52
8 73
24 28
6 10
49 53
1 5
30 34
13 18
13 18
36 40
12 16
49 57
49 53
8 11
8 48
19 23
12 15
7 10
93 97
7 18
21 21
12 16
36 54
1 5
30 35
1 4
2 62
13 18
34 38
1 5
39 44
13 13
39 49
16 20
40 44
17 27
23 26
7 11
19 24
52 56
26 50
12 16
19 22
37 42
1 6
38 103
13 18
1 4
5 38
6 53
38 38
4 44
29 44
6 10
19 29
17 22
50 54
24 46
17 27
26 26
85 90
12 15
2 53
6 10
39 44
50 54
16 21
45 49
37 47
13 34
6 10
33 37
41 53
60 65
1 1
34 38
16 20
25 31
33 47
12 16
1 5
32 36
17 20
5 10
2 2
7 11
27 27
4 34
19 35
10 15
54 60
10 14
34 51
37 49
17 22
17 21
30 39
27 34
12 22
16 20
40 40
18 23
29 41
25 29
58 63
10 22
18 38
29 29
8 56
1 4
28 37
12 15
35 40
6 11
7 11
1 4
12 22
28 31
11 15
1 5
12 72
17 26
18 22
26 30
15 18
37 41
7 50
10 56
34 38
53 53
27 31
17 39
8 21
22 27
6 9
14 25
19 22
1 5
39 43
17 49
33 37
17 21
10 15
8 38
38 42
33 40
22 26
19 29
1 6
1 5
6 21
7 12
49 53
14 52
68 73
27 31
13 17
23 26
7 11
23 54
12 17
40 45
28 31
1 33
32 50
25 29
8 8
1 6
39 39
7 12
41 45
104 108
8 20
48 57
66 71
16 20
29 34
19 22
22 26
25 37
5 10
40 62
1 6
9 14
3 24
17 22
16 20
17 21
6 9
6 10
7 10
57 67
1 5
7 71
34 38
78 83
12 17
17 21
1 4
53 66
47 51
32 32
7 10
1 53
12 16
18 69
21 25
32 52
12 72
43 48
32 36
34 38
28 35
24 29
23 31
16 20
18 22
12 22
65 69
33 37
1 4
34 38
30 39
62 68
16 21
1 4
34 34
19 37
16 25
18 23
1 4
29 33
26 30
52 66
52 56
27 31
49 55
17 22
53 114
34 39
25 29
1 4
70 91
7 10
13 32
7 12
70 75
6 44
82 86
18 22
19 32
57 61
12 33
30 30
8 41
13 57
55 59
16 21
1 4
6 11
13 28
1 4
53 57
7 18
13 13
1 4
31 35
3 44
12 16
29 38
23 27
7 11
6 44
26 34
27 37
11 15
24 49
8 12
1 66
19 41
18 23
35 39
18 23
13 17
29 33
19 24
1 5
83 91
45 49
8 12
12 24
11 11
35 56
13 17
32 49
35 40
8 8
7 12
43 48
2 52
12 16
7 12
1 4
1 6
11 15
17 21
23 27
6 10
54 62
42 46
13 17
32 41
5 24
41 45
11 15
7 10
16 70
7 10
11 15
25 34
23 33
13 24
1 5
1 16
32 35
25 28
1 4
63 68
65 69
28 37
52 91
48 51
8 18
24 28
2 56
2 2
19 30
11 20
1 5
24 35
17 35
17 22
18 22
8 27
18 23
28 38
23 28
46 49
25 30
25 29
68 90
7 39
17 21
21 26
10 62
12 16
7 11
23 62
16 20
13 17
29 34
12 17
8 12
31 36
7 20
17 21
7 12
7 12
9 13
12 21
68 73
8 44
7 11
23 23
31 35
17 21
9 23
29 33
12 16
12 17
51 55
21 43
1 72
1 11
8 21
12 16
34 55
55 60
24 28
1 5
2 51
10 10
11 15
48 55
31 35
17 21
6 10
7 7
12 17
1 14
17 39
1 7
24 29
1 5
2 51
7 11
17 26
16 54
19 30
1 11
39 89
14 26
7 11
18 31
23 33
2 12
23 27
10 21
42 55
4 55
25 45
43 52
11 15
7 18
25 35
18 22
38 42
30 41
50 55
16 21
25 38
14 14
11 15
11 16
13 17
26 30
42 50
12 78
11 43
10 15
1 5
29 33
39 44
22 26
2 22
36 51
35 39
1 5
38 70
7 11
19 34
30 34
7 10
1 4
56 117
24 34
29 33
53 57
13 17
41 58
23 32
7 39
31 39
24 33
23 32
40 49
37 42
7 10
12 17
71 75
54 66
32 36
23 38
38 47
45 70
42 66
1 4
31 35
7 65
4 28
23 28
26 29
36 40
4 9
29 51
7 46
12 16
28 32
10 15
23 27
18 39
46 51
27 31
1 6
1 5
12 17
8 45
30 35
7 75
47 52
17 21
34 34
23 27
13 16
13 18
6 10
17 21
23 28
39 43
30 34
7 11
3 7
25 30
2 2
60 64
57 62
32 37
19 27
29 33
8 26
11 19
9 45
7 11
7 10
12 17
7 37
17 21
12 15
34 38
30 34
1 6
7 16
49 97
14 19
12 12
51 55
16 21
23 26
13 37
7 19
40 43
36 40
45 49
33 38
36 53
1 4
7 11
82 87
37 37
23 28
32 36
23 27
14 28
16 20
18 21
1 35
6 11
10 15
29 33
23 27
7 11
33 37
12 16
36 39
7 12
16 19
3 42
18 43
7 11
36 40
7 10
33 38
23 56
22 26
27 49
8 32
41 45
6 10
25 79
24 29
7 12
30 34
21 25
38 92
1 5
33 38
32 37
40 44
16 21
50 61
70 84
35 39
24 28
2 30
50 69
7 7
23 27
19 23
44 48
31 88
34 38
34 37
11 14
12 15
6 9
31 35
44 48
1 32
1 6
7 11
23 27
34 43
8 32
27 32
66 87
10 15
8 18
1 6
28 32
1 5
14 26
11 15
18 22
30 34
18 22
19 46
35 44
11 16
7 41
1 20
7 12
29 34
1 6
14 14
50 55
1 51
1 5
21 25
19 31
13 21
7 12
17 21
1 5
16 34
42 53
18 22
12 17
8 21
62 67
33 38
1 5
62 82
23 26
1 5
8 17
7 11
14 21
7 11
31 37
25 37
26 31
75 86
30 35
5 9
7 68
29 34
17 27
57 135
29 33
7 11
1 87
29 69
35 40
1 6
27 31
53 57
11 16
41 50
20 49
15 18
47 85
12 25
17 21
19 46
18 21
7 34
32 36
70 74
37 49
35 40
8 24
18 32
17 21
19 24
20 24
21 25
16 20
50 55
58 62
6 10
12 16
48 52
61 66
28 33
1 5
10 14
1 22
30 38
32 36
28 32
25 29
1 1
25 32
7 10
18 23
16 20
6 11
29 38
32 52
62 66
24 27
3 3
21 25
13 20
75 94
18 18
23 28
1 5
24 29
1 4
42 47
6 10
14 18
21 26
1 5
37 41
77 81
18 22
21 71
6 10
69 69
13 17
35 48
24 47
58 62
12 16
18 18
45 49
12 16
1 6
24 34
19 24
1 4
22 26
23 28
40 40
26 31
11 16
12 16
52 57
7 10
28 33
13 17
26 31
46 50
1 5
13 60
35 40
15 15
31 37
30 34
7 12
38 38
47 52
29 29
12 16
1 5
18 22
22 44
25 30
1 5
31 34
12 16
13 17
1 72
12 15
10 15
13 25
2 7
22 31
27 34
48 52
49 58
7 11
11 16
1 5
31 41
43 65
24 29
63 67
30 45
23 39
13 17
8 12
23 27
54 59
28 33
1 5
15 20
12 16
18 39
2 23
22 27
38 42
2 38
13 32
25 33
11 15
44 56
1 6
6 25
28 32
12 16
3 3
63 66
2 2
12 16
11 15
47 51
22 27
31 35
51 89
13 16
19 23
1 67
29 33
1 4
1 6
22 26
18 22
13 16
51 54
18 22
1 5
57 96
37 42
30 81
44 49
23 47
28 33
20 25
2 22
40 45
11 15
1 6
11 75
7 12
42 47
13 16
25 29
22 26
92 96
11 15
43 47
19 24
63 79
21 21
11 14
13 22
17 21
20 40
7 11
30 58
17 21
14 22
35 48
19 23
39 44
9 24
18 23
18 23
12 17
39 43
25 39
19 27
29 33
34 47
25 28
7 11
50 55
1 4
31 36
41 46
25 41
6 11
31 43
12 15
13 50
55 59
7 11
22 33
34 59
21 30
27 31
7 11
7 12
1 5
24 32
13 18
31 35
48 51
19 51
28 32
9 9
1 27
1 4
31 35
7 12
24 28
13 16
1 6
66 70
1 5
37 41
6 11
7 11
55 60
1 6
75 86
25 25
24 40
6 10
17 21
52 52
47 51
1 6
1 27
1 33
7 27
41 41
6 11
47 50
60 65
1 5
30 35
7 12
26 38
30 34
13 28
17 22
1 6
17 21
23 35
36 40
55 60
33 37
6 11
57 61
33 77
18 22
22 26
14 18
48 48
70 74
24 57
12 17
37 45
1 4
20 32
45 50
32 35
2 60
75 79
18 27
32 32
1 4
7 11
44 48
35 40
22 27
41 45
17 22
13 34
17 21
12 16
6 21
7 11
50 59
12 16
1 4
12 16
21 25
12 16
29 63
2 2
23 86
38 42
11 37
17 21
16 55
34 38
26 37
29 34
67 71
30 45
4 53
13 45
25 30
22 26
33 38
11 15
13 18
19 29
42 46
40 50
45 49
15 15
22 26
33 37
30 33
3 33
45 50
36 41
37 45
7 17
7 12
24 28
45 50
9 37
33 37
22 25
29 34
25 33
49 53
12 51
39 43
34 38
18 28
22 26
12 16
39 43
35 38
29 32
1 54
12 17
65 69
17 21
16 16
7 58
18 23
13 17
28 32
13 18
11 35
16 24
7 11
33 37
22 26
47 56
16 20
62 67
24 40
39 43
17 21
9 36
3 18
40 49
53 57
18 23
16 26
1 5
12 15
6 9
54 79
12 16
1 4
13 22
41 45
24 27
42 50
6 11
12 35
6 58
16 20
22 30
30 34
19 23
6 12
38 47
17 21
18 22
29 33
13 17
27 45
17 21
11 21
19 37
68 84
2 35
19 24
66 71
16 20
32 36
41 46
76 81
3 20
11 15
4 28
25 35
7 22
22 26
18 21
20 69
46 46
13 38
7 35
8 17
34 38
12 15
28 28
24 28
31 34
11 15
1 4
30 30
60 88
41 45
35 39
1 1
28 32
12 16
32 41
32 36
35 62
32 36
17 21
53 63
37 41
20 29
1 4
17 21
41 46
1 6
41 44
32 34
6 10
22 26
43 51
11 16
19 28
1 5
24 28
18 21
33 37
26 43
56 62
36 67
6 9
25 30
7 23
1 4
27 31
16 20
33 37
53 58
54 54
16 21
13 17
55 63
6 49
29 29
60 64
6 11
24 24
25 44
63 68
13 17
13 47
30 33
11 21
37 75
12 16
21 21
12 16
2 2
13 16
31 52
7 7
11 20
16 20
55 59
39 43
50 62
11 21
12 16
35 40
6 11
25 29
22 27
18 22
14 19
18 27
8 12
35 39
12 17
35 39
6 10
1 5
31 36
26 31
25 28
31 37
11 44
41 53
9 21
11 15
65 70
12 16
12 16
24 29
35 39
32 36
44 54
33 47
15 15
12 16
50 55
16 21
17 21
33 45
1 5
66 70
12 17
12 12
38 54
1 6
7 11
7 11
31 74
18 23
14 21
44 49
1 6
22 26
13 16
36 39
15 20
15 23
13 18
1 5
20 42
39 43
22 56
30 34
45 50
73 78
7 10
6 10
1 5
11 16
33 37
46 46
62 66
19 23
17 17
14 17
58 74
5 9
15 33
21 25
7 11
1 4
31 36
17 79
17 36
40 44
29 46
31 31
12 15
44 58
7 11
17 21
35 40
1 5
24 28
17 21
11 19
56 61
35 39
40 55
31 41
26 29
12 22
39 47
10 15
30 30
20 29
18 26
18 38
24 28
49 52
57 61
1 6
18 23
8 38
22 38
35 40
13 22
68 73
51 82
1 6
6 11
40 44
39 43
3 36
31 42
32 36
60 70
23 41
33 37
30 39
13 17
36 50
23 27
47 47
44 54
23 47
45 49
1 15
12 16
25 29
29 33
7 11
12 20
57 61
9 21
30 44
3 8
3 23
26 31
25 25
35 40
11 16
18 22
13 16
8 12
1 4
35 39
13 17
47 50
7 12
34 38
25 29
5 9
13 21
44 48
13 17
12 58
23 27
27 40
38 48
17 39
30 34
6 11
38 38
53 63
13 18
60 70
29 34
67 72
28 63
65 70
68 71
33 47
1 44
11 16
19 28
1 10
22 27
14 26
22 26
6 59
46 51
59 63
39 43
23 37
7 11
18 23
1 5
22 25
22 27
2 2
14 59
1 4
53 57
1 7
15 74
22 26
18 23
1 6
24 28
7 11
36 40
12 21
35 40
12 16
40 45
26 59
17 26
7 29
29 29
18 22
69 73
13 36
13 17
47 52
29 29
39 43
1 5
1 6
13 13
1 6
24 32
12 17
9 12
29 33
23 28
8 47
36 48
36 41
13 45
13 18
41 63
32 32
6 10
24 29
49 54
18 32
12 38
6 10
2 14
10 28
51 54
1 6
18 22
29 33
7 72
74 74
13 23
6 11
21 37
2 31
13 16
38 51
43 47
65 65
19 23
1 6
53 63
34 38
22 26
2 16
2 7
19 23
36 39
36 40
38 38
8 12
7 11
17 21
23 43
17 21
38 97
17 20
35 39
2 23
47 56
38 42
20 24
17 21
33 33
43 47
33 37
20 24
44 48
13 18
7 11
7 11
32 36
12 46
28 32
82 86
21 26
48 52
48 52
17 21
10 20
22 25
29 33
53 58
40 45
7 11
45 51
22 32
49 53
1 29
7 10
3 33
63 68
12 60
68 87
16 21
52 56
12 16
13 21
1 5
18 29
12 17
21 27
17 21
84 93
19 23
7 10
24 27
20 37
9 61
1 53
41 45
7 11
1 29
23 27
27 32
38 42
41 45
33 49
14 27
36 48
33 37
18 21
25 29
7 11
40 44
14 44
42 47
61 80
39 44
18 22
13 13
33 37
12 12
1 6
23 33
36 40
50 55
23 26
41 45
1 45
17 69
17 21
13 44
49 49
1 6
44 48
17 28
44 49
1 6
39 43
18 22
24 28
55 75
34 68
6 10
13 81
36 36
28 32
19 24
33 37
18 22
1 6
12 12
31 31
34 38
48 54
39 43
70 75
22 26
23 28
19 34
2 43
6 9
13 17
21 29
9 9
18 22
27 31
38 42
72 76
21 25
37 42
18 31
2 44
32 36
7 11
23 27
39 55
22 41
23 27
24 29
12 32
53 57
1 5
19 27
12 16
12 21
7 12
18 23
25 51
15 19
27 32
8 17
36 40
34 49
39 44
20 20
12 29
37 53
31 45
18 21
60 70
12 16
13 13
28 33
46 56
7 11
17 21
34 38
22 26
18 22
68 84
33 38
1 4
45 48
2 18
11 16
7 27
7 10
16 20
1 4
27 46
18 28
1 33
53 63
2 2
1 6
17 27
39 44
39 54
7 12
28 32
3 7
18 18
19 23
33 37
2 2
1 5
31 31
7 17
29 34
7 16
22 27
35 38
18 22
18 23
1 9
6 11
47 64
13 32
34 38
1 15
4 33
8 72
17 21
1 5
1 15
23 27
1 5
13 18
25 28
7 51
1 6
12 55
13 16
22 26
57 57
46 58
25 42
18 18
33 37
7 11
13 17
6 10
19 23
31 58
17 20
18 23
31 35
9 9
31 35
3 47
36 46
26 30
7 7
45 49
63 67
33 37
31 35
26 29
1 4
37 40
18 22
29 34
18 38
6 9
18 23
12 23
16 21
7 12
20 66
6 10
29 33
41 46
1 5
1 19
13 34
25 25
53 57
1 27
19 19
28 44
1 6
54 58
17 21
18 27
24 46
22 26
7 11
35 39
1 17
58 74
9 9
65 87
1 5
63 68
7 10
34 38
1 5
3 3
18 41
10 14
7 7
23 27
2 76
8 39
51 65
11 15
19 19
29 34
33 37
18 22
51 61
26 30
6 9
1 4
13 34
18 23
68 68
43 54
7 11
1 5
25 29
13 13
6 10
72 72
23 32
44 64
34 39
7 49
32 65
19 22
1 4
2 49
59 63
1 6
45 51
20 25
19 47
21 26
13 17
19 19
12 28
22 26
23 27
7 11
3 7
24 42
13 17
37 41
7 16
24 28
34 38
24 45
35 40
27 27
12 19
23 23
21 25
39 57
48 53
67 72
19 23
22 41
29 60
33 48
49 53
1 32
12 30
48 52
8 17
30 40
26 26
47 61
7 12
30 42
3 6
12 17
25 29
30 37
24 35
3 3
33 37
7 16
1 11
24 24
43 48
1 1
12 17
6 10
17 48
33 37
11 30
13 38
17 22
16 21
24 29
68 72
35 39
22 72
6 10
32 37
38 72
1 5
33 37
13 17
21 25
40 45
21 26
34 39
51 55
18 23
1 5
36 41
7 11
25 30
51 56
43 47
6 16
24 57
18 23
1 4
53 75
14 14
18 23
29 49
7 11
38 43
1 4
7 17
47 52
12 19
50 50
25 31
45 62
18 22
12 16
11 16
1 4
36 40
26 29
1 15
7 11
29 32
67 72
1 5
30 34
12 16
18 18
9 14
33 37
12 52
1 5
1 1
35 43
6 21
51 56
6 10
2 2
21 25
17 21
1 4
25 50
18 22
1 4
7 11
28 31
52 56
42 53
59 63
40 45
19 23
31 34
28 32
29 34
33 33
66 71
7 11
65 69
13 18
13 17
8 16
18 40
17 21
37 41
15 24
12 20
32 40
30 34
34 39
12 23
6 10
32 39
17 21
17 21
38 51
7 11
1 4
1 42
23 27
7 44
6 10
24 29
23 27
54 58
9 16
46 51
39 44
28 33
23 28
39 44
47 66
7 11
1 6
32 36
40 44
12 15
19 19
8 8
6 11
38 43
27 46
25 29
7 10
67 67
7 12
22 27
1 5
109 118
34 39
16 21
73 77
166 185
7 12
63 67
23 27
31 38
26 30
8 13
55 60
22 26
1 4
18 27
18 27
17 21
43 53
30 42
41 46
23 27
31 36
12 15
18 37
6 9
19 31
13 16
7 12
36 41
7 12
12 23
13 23
1 6
18 23
6 10
33 38
1 6
26 29
43 47
11 15
12 72
36 39
8 14
17 21
42 45
50 70
66 71
35 40
24 28
10 14
35 43
1 4
4 38
11 31
34 39
31 48
16 20
68 85
33 36
28 37
9 23
1 4
40 45
28 32
138 138
23 28
122 126
12 16
7 11
17 32
35 39
47 51
29 33
19 56
53 57
13 13
17 20
8 8
40 45
1 4
10 19
20 24
64 64
27 27
29 39
27 43
107 111
1 76
2 6
22 44
36 40
23 23
44 48
2 16
18 37
12 17
24 28
31 46
51 60
34 38
18 22
21 25
12 75
13 18
31 36
22 27
34 44
39 42
21 25
47 52
6 9
55 59
12 16
9 32
24 27
101 106
6 26
23 50
11 50
42 68
16 21
18 22
55 59
2 23
52 62
25 29
30 34
76 80
18 22
12 17
12 38
21 70
14 18
36 41
57 68
16 19
68 72
39 43
1 4
1 5
22 26
1 1
12 15
69 73
52 56
66 70
22 33
2 40
18 21
33 45
20 42
31 35
14 18
16 20
12 17
23 27
6 10
13 18
6 11
54 58
1 4
24 29
7 11
6 9
23 27
1 5
12 15
7 12
33 36
36 41
18 21
7 38
12 26
27 30
19 24
32 36
18 22
56 60
6 10
43 47
20 31
13 17
23 28
40 53
7 11
7 11
13 30
22 26
6 31
23 62
29 41
12 12
2 47
27 31
1 4
4 54
1 10
12 16
18 22
1 6
29 61
1 12
23 28
35 39
2 29
28 32
12 16
42 47
46 51
16 20
40 55
69 74
14 47
26 35
57 68
12 15
34 38
20 100
25 47
1 40
41 45
42 46
28 32
7 11
25 28
57 110
22 41
24 27
16 20
29 29
17 21
46 90
1 4
6 11
35 50
24 29
11 15
55 59
23 47
30 35
1 4
25 25
19 52
18 21
24 28
66 70
12 16
30 35
1 5
54 59
27 31
36 40
16 21
21 41
59 64
18 95
17 21
12 16
43 51
7 48
2 11
17 17
19 25
37 41
4 16
51 59
23 26
30 34
44 48
26 30
21 25
1 5
11 15
22 26
24 50
31 35
27 32
13 13
33 42
36 46
23 27
56 76
16 20
10 57
44 48
18 28
30 87
72 76
7 51
31 61
7 12
20 26
25 29
6 10
26 67
17 21
33 37
58 69
28 32
4 52
21 25
29 33
55 60
64 68
51 54
24 32
29 33
24 27
31 35
7 11
30 47
22 48
59 63
55 59
7 11
30 56
55 59
52 57
80 108
38 41
33 37
18 33
39 51
8 42
30 43
6 10
27 27
12 27
7 10
28 32
22 27
18 22
35 39
13 18
2 24
19 24
13 17
92 97
24 29
32 37
1 4
20 67
2 15
1 4
38 38
66 70
9 52
7 12
51 61
11 15
13 17
31 42
17 44
41 60
1 5
1 4
24 83
1 5
34 34
16 21
50 55
12 17
32 66
10 10
14 27
52 57
16 20
24 29
76 81
31 35
1 4
34 43
22 27
60 64
48 52
7 11
27 31
38 41
50 55
27 31
34 38
14 27
1 6
21 25
1 5
18 22
25 31
11 16
37 41
1 5
1 5
6 9
57 57
7 11
45 56
28 32
1 55
17 65
29 33
61 66
1 4
39 44
18 22
31 36
17 21
52 56
77 81
20 25
51 55
30 68
39 49
46 62
24 28
51 55
37 40
30 52
7 10
31 31
23 27
42 46
24 29
58 63
35 69
76 80
23 27
38 43
6 48
43 48
7 12
36 41
25 29
8 17
70 74
1 6
33 37
24 24
6 45
28 32
24 29
57 61
7 21
40 48
29 32
6 14
41 46
23 47
13 35
18 37
14 19
23 33
14 19
17 21
2 18
7 40
13 17
7 17
84 88
43 52
11 21
25 30
92 97
17 20
27 32
33 37
13 17
13 19
53 58
7 11
25 30
35 39
13 46
11 44
17 22
8 60
62 62
47 51
67 72
27 36
34 43
6 9
7 10
32 36
109 117
7 10
7 11
22 27
53 57
33 36
6 10
45 48
11 15
44 44
63 68
15 51
75 85
12 16
43 47
38 42
1 4
36 39
1 5
17 26
54 58
13 13
68 73
11 14
7 12
7 11
31 35
13 17
70 74
41 46
1 6
67 71
6 9
24 24
56 77
50 50
10 27
19 59
39 43
33 37
15 15
17 21
13 13
60 80
18 23
33 58
92 96
17 21
27 32
7 12
12 15
10 15
18 27
25 29
18 22
12 17
38 41
61 79
39 43
30 35
29 34
41 87
119 157
31 35
54 59
13 13
25 31
17 21
109 153
41 46
6 10
14 14
1 4
32 40
34 38
24 28
18 23
7 10
1 4
7 11
1 5
34 42
51 51
14 27
46 46
1 4
7 66
81 89
36 40
4 65
29 33
69 73
